c 640 480 350 0 1 0 -100 100 100 115 300 300
a 255 255 255
l 0 0 0 255 255 255
l 0 0 500 255 255 255
l 0 0 -500 255 255 255
l 300 0 500 255 255 255
b 5 5
105 200 100
105 250 150
105 300 200
105 350 250
105 400 300
105 450 350
105 500 400
110 200 150
110 250 200
110 300 250
110 350 300
110 400 350
110 450 400
115 200 200
115 250 250
115 300 300
115 350 350
120 200 250
120 250 300
120 300 350
125 200 300
125 250 350
130 200 350
120 200 250
110 450 400
127 0 255 0.3 0.2 0.3 0.0 0.0 2
p 500 0 0 -1 0 0 255 0 0 0.3 0.2 0.0 0.0 0.0 2